
Afghanistan  12,486,950,469  15,936,784,436  18,033,526,069   

  
Albania  12,118,580,597  11,858,166,295  12,959,563,902  13,119,013,351  

  
Algeria  138,119,949,895  161,777,790,126  198,538,802,310  207,955,103,846  



Angola  75,492,417,649  82,470,894,868  104,115,863,405  114,197,143,594  

  
Antigua and Barbuda  1,206,410,364  1,135,539,048  1,124,586,886  1,176,348,888  

  
Argentina  307,155,125,025  368,736,093,174  446,044,110,970  470,532,788,510  

  
Armenia  8,648,015,305  9,260,285,762  10,138,077,996  9,910,387,657  

  
Aruba  2,498,932,961  2,467,703,911  2,584,463,687   

  
Australia  923,499,434,131  1,138,262,493,185  1,384,145,284,187  1,520,608,083,022  

  
Austria  383,626,706,101  376,837,981,579  417,656,162,500  399,649,131,197  

  
Azerbaijan  44,291,490,421  52,905,998,879  65,952,763,949  68,726,938,990  

  
Bahamas, The  7,820,420,000  7,888,087,000  7,872,584,000  8,149,004,000  

  
Bahrain  19,318,822,541  25,713,571,421  29,044,457,920   

  
Bangladesh  89,359,767,442  100,357,022,444  111,905,655,335  115,609,650,525  

  
Barbados  4,592,650,000  4,433,700,000  4,368,900,000  4,224,850,000  

  
Belarus  49,271,267,252  55,220,932,614  64,271,575,245  63,267,029,437  

  
Belgium  473,351,828,107  468,511,842,105  513,862,500,000  483,709,179,738  

  
Belize  1,349,000,000  1,398,500,000  1,447,500,000   

  
Benin  6,585,134,688  6,558,416,322  7,294,900,431  7,557,286,829  

  
Bermuda  5,806,378,000  5,757,433,000  5,557,128,000   

  
Bhutan  1,264,686,357  1,585,319,109  1,833,738,376  1,779,561,112  

  
Bolivia  17,339,992,165  19,649,724,656  23,948,670,618  27,035,110,130  

  
Bosnia and Herzegovina  17,082,889,410  16,775,469,778  18,242,471,097  17,047,582,420  

  
Botswana  10,106,835,546  13,746,718,849  15,292,423,740  14,410,980,239  

  
Brazil  1,620,165,226,994  2,143,035,333,258  2,476,652,189,880  2,252,664,120,777  

  
Brunei Darussalam  10,732,435,034  12,369,708,859  16,359,795,686  16,953,952,625  

  
Bulgaria  48,568,714,012  47,727,296,803  53,544,634,479  51,030,463,617  

  
Burkina Faso  8,348,156,389  9,209,288,383  10,395,757,480  10,441,012,681  

  
Burundi  1,739,781,536  2,026,864,414  2,355,652,064  2,471,954,069  

  
Cambodia  10,401,935,532  11,242,266,334  12,829,541,141  14,061,796,429  

  
Cameroon  22,188,223,917  22,488,424,689  25,320,741,717  24,983,980,484  

  
Canada  1,337,577,639,752  1,577,040,082,218  1,777,788,888,889  1,821,424,139,311  

  
Cape Verde  1,600,829,246  1,659,053,271  1,901,136,230  1,897,350,475  

  
Cayman Islands        
Central African Republic  1,981,732,673  1,984,747,842  2,165,868,600  2,138,965,636  

  
Chad  7,081,950,632  8,540,674,846  10,581,391,312  11,018,023,538  

  
Chile  171,727,053,202  217,311,678,771  250,994,104,421  268,187,780,226  

  
China  4,991,256,406,735  5,949,785,721,835  7,314,432,078,360  8,358,363,135,690  

  
Colombia  233,821,670,220  287,018,179,194  336,346,368,933  369,789,365,899  

  
Comoros  535,199,686  543,376,206  610,372,697  595,900,353  

  
Congo, Dem. Rep.  11,204,008,249  13,107,979,826  15,653,634,042  17,869,718,210  

  
Congo, Rep.  9,593,536,719  12,007,880,067  14,425,606,793  13,677,928,884  

  
Costa Rica  29,431,416,909  36,346,192,496  41,072,465,935  45,152,720,220  

  
Cote d'Ivoire  23,041,633,638  22,920,779,598  24,073,812,830  24,680,372,724  

  
Croatia  62,244,202,547  58,873,839,435  61,789,184,184  56,441,607,483  
  
Cuba        
Curacao        
Cyprus  23,542,650,736  23,132,450,331  24,992,076,731  22,980,960,640  

  
Czech Republic  197,218,205,666  198,475,392,670  216,011,355,932  195,656,544,503  

  
Denmark  310,544,743,670  313,365,836,299  333,616,014,898  314,242,037,117  

  

Dominica  482,161,713  474,886,714  476,475,691  479,638,820  

  
Dominican Republic  46,710,144,686  51,653,902,770  55,668,552,666  58,951,239,186  

  
Ecuador  62,519,686,000  67,513,698,000  76,769,729,000  84,039,856,000  

  
Egypt, Arab Rep.  188,984,088,127  218,887,812,550  235,983,523,194  257,285,845,358  

  
El Salvador  20,661,000,000  21,418,300,000  23,139,000,000  23,864,400,000  

  
Equatorial Guinea  10,356,293,894  12,261,420,852  16,806,886,028  17,697,394,251  

  
Eritrea  1,856,695,550  2,117,039,511  2,607,739,837  3,091,837,398  

  
Estonia  19,117,606,973  18,845,656,095  22,154,665,058  21,854,197,101  

  
Ethiopia  32,188,958,761  29,706,216,184  31,708,848,033  43,133,073,100  

  
Faeroe Islands  2,198,138,372       
Fiji  2,882,056,553  3,173,316,478  3,818,108,967  3,881,890,698  

  
Finland  239,382,754,295  235,257,894,737  263,179,166,667  250,024,427,873  

  
France  2,619,685,000,757  2,548,315,434,211  2,779,719,500,000  2,612,878,387,760  

  
French Polynesia        
Gabon  12,075,742,375  14,539,337,959  18,791,347,239  18,661,104,043  

  
Gambia, The  900,629,373  951,805,801  898,282,866  917,292,053  

  
Georgia  10,766,836,277  11,638,200,596  14,434,568,633  15,829,225,459  

  
Germany  3,298,635,952,562  3,284,473,684,211  3,600,833,333,333  3,399,588,583,183  

  
Ghana  25,977,853,492  32,174,210,793  39,564,970,070  40,710,781,539  

  
Greece  321,016,154,721  292,304,602,599  289,627,362,871  249,098,684,277  

  
Greenland  1,267,711,816       
Grenada  771,277,513  769,708,642  780,334,231  789,542,404  

  
Guam        
Guatemala  37,733,791,089  41,338,161,799  47,688,885,121  50,544,684,808  

  
Guinea  4,164,652,171  4,735,956,476  5,095,824,524  6,767,919,333  

  
Guinea-Bissau  832,530,157  835,390,893  967,762,549  897,408,214  

  
Guyana  2,025,565,089  2,259,288,026  2,576,731,667  2,850,572,407  

  
Haiti  6,470,254,240  6,634,579,143  7,346,156,703  7,843,484,458  

  
Honduras  14,583,714,286  15,835,238,095  17,707,600,423  18,528,362,334  

  
Hong Kong SAR, China  214,046,415,026  228,695,747,310  248,725,976,362  263,259,372,905  

  
Hungary  126,631,684,033  127,956,809,657  138,696,911,370  125,507,525,410  

  
Iceland  12,115,001,167  12,564,460,546  14,074,764,558  13,656,532,880  

  
India  1,365,372,912,989  1,710,917,218,018  1,872,845,406,805  1,841,717,371,770  

  
Indonesia  539,579,959,053  709,266,023,255  846,483,465,279  878,192,879,854  

  
Iran, Islamic Rep.  362,661,111,280  422,567,967,405  514,059,508,514   

  
Iraq  111,659,988,889  135,488,471,368  180,606,795,374  210,279,947,256  

  
Ireland  224,042,002,434  205,903,504,499  220,823,245,967  210,330,986,080  

  
Isle of Man        
Israel  194,866,363,197  231,674,511,902  258,216,880,939   

  
Italy  2,111,148,008,712  2,041,954,747,600  2,192,357,094,735  2,013,263,114,239  

  
Jamaica  12,068,651,825  13,202,861,067  14,425,917,751  14,839,858,411  

  
Japan  5,035,141,567,659  5,495,379,357,485  5,896,794,887,859  5,959,718,262,199  

  
Jordan  23,820,013,059  26,425,379,367  28,840,197,019  31,243,324,000  

  
Kazakhstan  115,308,687,202  148,052,371,904  186,428,106,670  200,484,917,175  

  
Kenya  30,600,160,612  32,230,612,377  34,329,924,186  37,338,072,592  

  
Kiribati  120,291,686  141,610,714  166,683,858  175,709,257  

  
Korea, Dem. Rep.        
Korea, Rep.  834,060,441,841  1,014,890,141,871  1,114,471,962,886  1,129,598,184,552  

  
Kosovo  5,449,180,547  5,593,654,275  6,452,514,048  6,237,563,675  

  
Kuwait  105,911,338,608  119,934,674,735  160,912,705,746   

  
Kyrgyz Republic  4,690,029,461  4,794,361,821  6,197,765,942  6,473,175,648  

  
Lao PDR  5,832,882,922  7,181,441,152  8,226,921,895  9,298,926,552  

  
Latvia  25,875,781,250  24,054,293,524  28,417,293,458  28,324,131,627  

  
Lebanon  34,650,746,269  37,124,378,109  40,094,328,358  42,945,273,632  

  
Lesotho  1,716,846,757  2,203,867,071  2,524,537,450  2,447,573,299  

  
Liberia  1,155,146,230  1,292,696,476  1,545,412,512  1,767,121,781  

  
Libya  62,360,446,571       
Liechtenstein  4,826,167,676       
Lithuania  36,846,183,172  36,644,563,174  42,890,914,111  42,086,555,101  

  
Luxembourg  50,047,718,739  52,507,236,842  59,200,833,333  57,117,125,225  

  
Macao SAR, China  21,313,263,933  28,359,706,123  36,796,998,498  43,582,271,462  

  
Macedonia, FYR  9,313,573,965  9,338,675,752  10,395,193,850  9,617,364,880  

  
Madagascar  8,589,560,142  8,837,041,787  9,911,781,297  9,975,124,872  

  
Malawi  5,030,639,934  5,398,616,985  5,621,000,678  4,263,794,984  

  
Malaysia  202,251,384,992  246,822,585,372  287,934,357,244  303,526,203,366  

  
Maldives  1,984,639,641  2,134,104,884  2,153,636,963  2,222,429,330  

  
Mali  8,964,480,570  9,422,267,260  10,656,395,534  10,308,146,676  

  
Malta  8,099,400,961  8,163,841,060  9,151,793,161  8,721,923,077  

  
Marshall Islands  151,560,778  162,935,850  173,700,000  186,901,200  

  
Mauritania  3,027,020,112  3,671,380,305  4,273,232,648  4,199,051,817  

  
Mauritius  8,834,647,745  9,718,331,363  11,241,885,393  10,492,013,574  

  
Mexico  883,741,026,679  1,034,940,913,835  1,157,646,252,778  1,177,955,511,614  

  
Micronesia, Fed. Sts.  277,510,923  294,117,230  310,287,519  327,200,000  

  
Moldova  5,439,422,031  5,811,622,394  7,015,201,446  7,254,113,625  

  
Monaco  5,557,579,883  5,350,993,377  6,074,506,533   

  
Mongolia  4,583,834,427  6,200,357,070  8,761,426,371  10,271,393,281  

  
Montenegro  4,157,852,772  4,114,780,574  4,501,811,520  4,231,452,000  

  
Morocco  90,908,402,631  90,770,671,432  99,211,339,029  95,981,572,517  

  
Mozambique  9,674,035,109  9,274,448,732  12,568,440,513  14,587,709,350  

  
Myanmar        
Namibia  8,859,203,056  11,065,912,279  12,623,100,410  13,072,278,943  

  
Nepal  12,854,834,975  15,955,711,501  18,977,262,011  19,414,664,133  

  
Netherlands  796,333,367,137  774,657,894,737  836,073,611,111  772,226,793,520  

  
New Caledonia        
New Zealand  116,481,875,000  139,767,625,899  158,940,944,882  167,347,054,534  

  
Nicaragua  8,156,131,183  8,586,295,846  9,635,568,028  10,507,356,838  

  
Niger  5,254,402,867  5,410,608,053  6,016,972,088  6,568,231,896  

  
Nigeria  168,587,267,756  228,637,855,749  243,985,812,280  262,605,908,770  

  
Northern Mariana Islands        
Norway  378,849,392,446  421,236,092,715  491,064,821,429  499,667,211,001  

  
Oman  46,866,060,196  58,813,004,375  69,971,912,138   

  
Pakistan  161,819,031,346  176,477,528,502  210,741,069,910  231,181,921,490  

  
Palau  197,525,348  196,543,326  212,903,320  228,415,735  

  
Panama  24,162,900,000  26,589,600,000  31,315,800,000  36,252,500,000  

  
Papua New Guinea  7,914,594,203  9,480,047,959  12,393,604,089  15,653,921,367  

  
Paraguay  15,954,961,410  20,028,375,554  26,007,966,687  25,502,060,502  

  
Peru  126,922,993,543  153,544,876,325  176,811,636,364  196,961,048,689  

  
Philippines  168,333,540,385  199,589,448,016  224,095,223,860  250,182,008,487  

  
Poland  430,917,310,343  469,736,810,691  515,666,869,137  489,795,486,644  

  
Portugal  234,119,384,366  227,446,710,526  237,573,750,000  212,454,101,311  

  
Puerto Rico  95,369,800,000  97,147,300,000  98,757,000,000  101,495,811,266  

  
Qatar  97,583,513,671  125,122,249,141  171,476,093,959   

  
Romania  164,345,718,690  164,792,252,746  182,610,666,616  169,396,055,591  

  
Russian Federation  1,222,648,134,225  1,524,915,341,870  1,899,086,233,312  2,014,776,311,555  

  
Rwanda  5,252,677,065  5,624,506,157  6,354,119,344  7,103,000,861  

  
Samoa  500,992,499  572,160,378  634,156,047  677,041,351  

  
San Marino        
Sao Tome and Principe  196,473,839  201,037,917  248,286,778  263,729,026  

  
Saudi Arabia  429,097,866,667  526,811,466,667  669,506,666,667  711,049,600,000  

  
Senegal  12,769,040,890  12,855,297,513  14,448,390,591  14,159,758,386  

  
Serbia  40,249,479,880  36,990,001,284  43,291,846,196  37,488,935,010  

  
Seychelles  847,424,852  973,337,493  1,059,604,732  1,032,178,034  

  
Sierra Leone  2,454,531,383  2,575,466,372  2,938,747,215  3,796,030,045  

  
Singapore  194,131,267,855  217,200,123,752  245,024,318,394  274,701,299,734  

  
Sint Maarten (Dutch part)        
Slovak Republic  87,239,747,152  87,220,529,801  96,034,890,186  91,604,615,385  

  
Slovenia  49,056,152,691  46,999,337,748  50,250,069,502  45,280,384,615  

  
Solomon Islands  601,299,090  678,625,482  866,672,433  1,008,424,232  

  
Somalia        
South Africa  283,985,548,070  363,240,728,680  401,802,218,556  384,312,674,446  

  
South Sudan  11,853,260,718  14,971,581,963  19,172,620,087  9,337,312,682  

  
Spain  1,455,956,368,264  1,380,109,210,526  1,476,881,944,444  1,349,350,732,836  

  
Sri Lanka  42,066,209,172  49,565,548,868  59,186,877,969  59,421,426,075  

  
St. Kitts and Nevis  709,641,110  715,470,721  748,075,270  748,492,572  

  
St. Lucia  1,166,885,696  1,199,537,033  1,210,998,173  1,186,225,298  

  
St. Martin (French part)        
St. Vincent and the Grenadines  674,260,037  680,960,052  691,119,761  712,589,074  

  
Sudan  52,645,594,562  64,791,706,914  64,053,368,930  58,768,800,833  

  
Suriname  3,875,409,836  4,366,914,555  4,304,467,564  4,738,181,820  

  
Swaziland  3,161,320,520  3,691,050,503  3,969,078,027  3,746,506,333  

  
Sweden  405,782,994,635  462,903,051,318  539,277,966,102  525,742,140,221  

  
Switzerland  509,467,163,037  552,224,618,427  659,307,920,845  632,193,558,707  

  
Syrian Arab Republic  53,934,534,351  59,147,033,452   73,672,408,036  

  
Tajikistan  4,978,154,344  5,641,741,963  6,522,200,291  6,986,537,406  

  
Tanzania  21,368,165,400  22,915,004,297  23,874,165,047  28,248,844,763  

  
Thailand  263,711,244,889  318,907,930,076  345,672,232,116  365,965,815,820  

  
Timor-Leste  788,100,000  875,100,000  1,091,000,000  1,292,700,000  

  
Togo  3,163,000,591  3,172,945,282  3,685,781,120  3,813,834,650  

  
Tonga  318,486,403  368,782,760  428,724,301  471,591,244  

  
Trinidad and Tobago  19,251,916,758  20,682,010,082  23,497,648,254  23,985,710,493  

  
Tunisia  43,607,568,688  44,377,742,071  46,434,616,144  45,662,043,358  

  
Turkey  614,553,921,823  731,144,392,260  774,775,177,913  789,257,487,572  

  
Turkmenistan  20,214,456,140  22,583,263,158  28,061,789,474  33,678,947,368  

  
Turks and Caicos Islands        
Tuvalu  27,001,200  31,816,525  35,804,372  36,874,581  

  
Uganda  15,803,514,643  17,197,111,223  16,822,413,295  19,881,412,441  

  
Ukraine  117,227,769,792  136,418,622,767  163,422,495,340  176,310,202,238  

  
United Arab Emirates  270,334,929,438  287,421,927,883  348,594,972,517   

  
United Kingdom  2,183,862,761,501  2,256,260,000,000  2,444,883,870,968  2,435,173,775,671  

  
United States  13,898,300,000,000  14,419,400,000,000  14,991,300,000,000  15,684,800,000,000  

  
Uruguay  30,229,404,318  38,846,151,818  46,434,697,422  49,059,705,180  

  
Uzbekistan  32,816,828,373  38,981,605,338  45,324,319,231  51,112,745,669  

  
Vanuatu  610,075,807  700,804,045  786,294,694  785,356,717  

  
Venezuela, RB  329,418,956,684  393,807,492,847  316,482,199,893  381,286,247,173  

  
Vietnam  97,180,304,813  106,426,845,157  123,679,274,491  141,669,099,289  

  
Virgin Islands (U.S.)        
West Bank and Gaza        
Yemen, Rep.  24,581,907,774  31,883,409,719  31,724,633,891  35,645,823,132  

  
Zambia  12,805,029,522  16,190,196,832  19,204,037,684  20,678,025,802  

  
Zimbabwe  6,133,240,672  7,433,314,460  9,656,199,514  10,813,914,265   